]0;IPython: rosalind/Locating_Restriction_Sitesindex	lenght	string
1 	 4 	 GCGC
8 	 4 	 CTAG
32 	 4 	 ATAT
38 	 4 	 ATAT
47 	 4 	 GCGC
48 	 4 	 CGCG
49 	 4 	 GCGC
97 	 4 	 CCGG
135 	 4 	 ATAT
145 	 4 	 TGCA
148 	 4 	 AGCT
153 	 4 	 AGCT
162 	 4 	 GTAC
177 	 4 	 CTAG
181 	 4 	 CATG
198 	 4 	 GGCC
217 	 4 	 ATAT
229 	 4 	 TATA
230 	 4 	 ATAT
236 	 4 	 AGCT
240 	 4 	 TTAA
284 	 4 	 GCGC
285 	 4 	 CGCG
288 	 4 	 GATC
304 	 4 	 GTAC
312 	 4 	 TTAA
367 	 4 	 CCGG
377 	 4 	 TCGA
399 	 4 	 TTAA
418 	 4 	 TATA
423 	 4 	 GATC
447 	 4 	 ATAT
464 	 4 	 CGCG
469 	 4 	 ACGT
487 	 4 	 ACGT
506 	 4 	 GGCC
510 	 4 	 GATC
535 	 4 	 GATC
613 	 4 	 TCGA
618 	 4 	 GGCC
628 	 4 	 TATA
658 	 4 	 TCGA
666 	 4 	 TATA
694 	 4 	 ACGT
705 	 4 	 CATG
713 	 4 	 TTAA
742 	 4 	 AATT
830 	 4 	 CCGG
847 	 4 	 TGCA
901 	 4 	 GATC
912 	 4 	 TATA
927 	 4 	 TATA
47 	 6 	 GCGCGC
134 	 6 	 GATATC
161 	 6 	 GGTACC
216 	 6 	 GATATC
287 	 6 	 CGATCG
303 	 6 	 TGTACA
398 	 6 	 GTTAAC
446 	 6 	 GATATC
463 	 6 	 CCGCGG
486 	 6 	 AACGTT
505 	 6 	 CGGCCG
509 	 6 	 CGATCG
534 	 6 	 TGATCA
612 	 6 	 TTCGAA
657 	 6 	 CTCGAG
704 	 6 	 ACATGT
900 	 6 	 GGATCC
160 	 8 	 AGGTACCT
215 	 8 	 GGATATCC
462 	 8 	 TCCGCGGA
504 	 8 	 TCGGCCGA
214 	 10 	 TGGATATCCA
461 	 10 	 GTCCGCGGAC
503 	 10 	 ATCGGCCGAT
460 	 12 	 CGTCCGCGGACG
[[1, 4], [8, 4], [32, 4], [38, 4], [47, 4], [47, 6], [48, 4], [49, 4], [97, 4], [134, 6], [135, 4], [145, 4], [148, 4], [153, 4], [160, 8], [161, 6], [162, 4], [177, 4], [181, 4], [198, 4], [214, 10], [215, 8], [216, 6], [217, 4], [229, 4], [230, 4], [236, 4], [240, 4], [284, 4], [285, 4], [287, 6], [288, 4], [303, 6], [304, 4], [312, 4], [367, 4], [377, 4], [398, 6], [399, 4], [418, 4], [423, 4], [446, 6], [447, 4], [460, 12], [461, 10], [462, 8], [463, 6], [464, 4], [469, 4], [486, 6], [487, 4], [503, 10], [504, 8], [505, 6], [506, 4], [509, 6], [510, 4], [534, 6], [535, 4], [612, 6], [613, 4], [618, 4], [628, 4], [657, 6], [658, 4], [666, 4], [694, 4], [704, 6], [705, 4], [713, 4], [742, 4], [830, 4], [847, 4], [900, 6], [901, 4], [912, 4], [927, 4]]
1 4
8 4
32 4
38 4
47 4
47 6
48 4
49 4
97 4
134 6
135 4
145 4
148 4
153 4
160 8
161 6
162 4
177 4
181 4
198 4
214 10
215 8
216 6
217 4
229 4
230 4
236 4
240 4
284 4
285 4
287 6
288 4
303 6
304 4
312 4
367 4
377 4
398 6
399 4
418 4
423 4
446 6
447 4
460 12
461 10
462 8
463 6
464 4
469 4
486 6
487 4
503 10
504 8
505 6
506 4
509 6
510 4
534 6
535 4
612 6
613 4
618 4
628 4
657 6
658 4
666 4
694 4
704 6
705 4
713 4
742 4
830 4
847 4
900 6
901 4
912 4
927 4
